0 0.4953125 0.64609375 0.01875 0.046875
0 0.51875 0.52421875 0.0234375 0.04609375
0 0.54375 0.475 0.03046875 0.03359375
0 0.54609375 0.5125 0.0203125 0.03359375
0 0.5171875 0.48046875 0.02421875 0.025
0 0.57890625 0.47578125 0.03125 0.03203125
0 0.6078125 0.471875 0.02109375 0.025
0 0.46875 0.52109375 0.03359375 0.04453125
0 0.553125 0.59375 0.02421875 0.040625
0 0.54609375 0.421875 0.0265625 0.02890625
0 0.5109375 0.4203125 0.03125 0.0265625
0 0.4765625 0.47109375 0.02578125 0.04453125
0 0.5875 0.428125 0.02734375 0.03046875
0 0.4703125 0.40859375 0.04609375 0.025
0 0.2625 0.60859375 0.04375 0.04453125