0 0.846875 0.58671875 0.08125 0.1734375
0 0.65546875 0.59453125 0.0796875 0.11796875
0 0.77578125 0.578125 0.04453125 0.115625
0 0.6703125 0.71640625 0.0328125 0.06875
0 0.8515625 0.7203125 0.04765625 0.07578125
0 0.98203125 0.5359375 0.03359375 0.115625
0 0.5125 0.55703125 0.03046875 0.0734375
0 0.58828125 0.64140625 0.015625 0.1265625
0 0.03046875 0.68203125 0.059375 0.12421875
0 0.125 0.2046875 0.07265625 0.0890625
0 0.3125 0.1921875 0.059375 0.0421875
0 0.45078125 0.20078125 0.04375 0.05546875
0 0.37109375 0.1609375 0.02578125 0.0421875
0 0.25234375 0.2046875 0.02578125 0.0359375