0 0.33359375 0.60390625 0.06875 0.10078125
0 0.328125 0.4640625 0.065625 0.08671875
0 0.50859375 0.51875 0.096875 0.06953125
0 0.6671875 0.525 0.071875 0.05703125
0 0.596875 0.384375 0.05234375 0.06953125
0 0.5140625 0.6796875 0.07578125 0.0671875
0 0.44375 0.4859375 0.04140625 0.0671875
0 0.4171875 0.325 0.05 0.03359375
0 0.71640625 0.26875 0.0140625 0.0515625
0 0.38828125 0.46015625 0.0390625 0.0828125
0 0.6625 0.66015625 0.02578125 0.03125
0 0.4390625 0.61953125 0.01328125 0.01796875
0 0.35078125 0.25703125 0.01875 0.02734375
0 0.30234375 0.3234375 0.021875 0.01796875
0 0.4390625 0.7203125 0.01640625 0.03359375
0 0.39921875 0.66796875 0.0109375 0.02734375
0 0.6609375 0.37421875 0.046875 0.05703125
0 0.54453125 0.39609375 0.015625 0.03359375