0 0.165625 0.253125 0.12421875 0.11484375
0 0.2859375 0.2765625 0.04765625 0.090625
0 0.153125 0.35546875 0.021875 0.075
0 0.09921875 0.39140625 0.03046875 0.0671875
0 0.97890625 0.584375 0.025 0.1203125
0 0.5734375 0.2421875 0.09921875 0.06484375
0 0.59296875 0.4890625 0.03203125 0.0734375
0 0.678125 0.353125 0.02734375 0.08515625
0 0.7828125 0.578125 0.034375 0.04921875
0 0.86015625 0.50703125 0.05625 0.06484375
0 0.6703125 0.50078125 0.02890625 0.0375
0 0.86328125 0.321875 0.01796875 0.0234375
0 0.60234375 0.33203125 0.02578125 0.07109375
0 0.546875 0.35078125 0.028125 0.0734375
0 0.1890625 0.34375 0.021875 0.075