0 0.55078125 0.40390625 0.0453125 0.084375
0 0.40703125 0.3890625 0.0515625 0.10390625
0 0.13828125 0.38984375 0.07265625 0.0984375
0 0.04765625 0.46796875 0.04609375 0.1078125
0 0.1953125 0.49296875 0.02734375 0.05
0 0.34296875 0.5046875 0.04453125 0.04140625
0 0.28203125 0.4171875 0.0375 0.0390625
0 0.27421875 0.3640625 0.03203125 0.046875
0 0.47265625 0.49609375 0.0265625 0.02890625
0 0.62890625 0.4609375 0.02421875 0.046875
0 0.68828125 0.40390625 0.0421875 0.06953125
0 0.60859375 0.48984375 0.01640625 0.0375
0 0.58828125 0.35625 0.0234375 0.046875
0 0.3625 0.33671875 0.03125 0.021875
0 0.33203125 0.38359375 0.0203125 0.071875
0 0.35078125 0.44453125 0.01640625 0.01796875
0 0.68359375 0.33359375 0.01953125 0.03203125